function g =fun_G(x,u)
p = [0.0652531464530903 0 -0.417793814270038 0 1.24716103354177 0];
g=[-(p(1)*5*x(1)^4 + p(3)*3*x(1)^2 + p(5)), 0, 0;
    x(3), -(1+u(3)), x(1);
    -x(2), -x(1), 0];
end